4631.61 0
0 180 181 182 188 183 0 
0 184 185 131 186 187 0 
0 241 240 191 190 189 0 
0 123 243 68 242 67 0 
0 121 120 71 70 69 0 
0 124 244 125 126 122 0 
0 127 128 129 130 365 0 
0 361 360 311 310 309 0 
0 364 363 308 362 366 0 
0 369 370 371 367 368 0 
0 420 305 306 307 1 0 
0 300 301 302 303 304 0 
0 251 250 249 248 247 0 
0 65 245 246 2 3 0 
0 4 5 6 7 8 0 
0 61 60 11 10 9 0 
0 64 63 339 154 62 66 0 
0 162 342 347 287 167 350 170 175 178 255 0 
0 355 358 258 263 146 151 159 279 282 47 0 
0 31 34 214 274 271 266 26 143 238 295 0 
0 23 18 15 298 235 290 230 227 222 219 0 
0 211 331 326 206 323 318 315 195 198 203 0 
0 78 383 91 394 334 39 42 415 118 58 0 
0 83 86 386 391 102 407 410 115 110 107 0 
0 135 138 378 375 418 55 50 402 399 99 0 
0 21 321 94 406 404 405 299 314 312 75 14 17 19 24 313 22 25 20 0 
0 276 286 277 284 285 16 413 419 417 414 416 408 403 283 281 278 280 275 273 33 0 
0 293 292 297 412 345 294 296 291 356 411 409 349 289 344 346 288 348 343 388 387 0 
0 12 353 374 376 359 357 352 354 351 389 381 385 380 373 382 384 379 377 372 13 0 
0 328 333 393 330 332 327 325 320 322 324 319 317 316 397 396 401 398 400 395 329 0 
0 148 141 140 133 134 136 137 139 144 142 145 147 392 390 335 340 338 341 336 337 0 
0 160 158 156 161 163 168 166 157 164 169 171 51 56 165 54 52 57 59 132 53 0 
0 96 89 149 95 155 153 93 88 81 90 150 92 152 87 85 80 82 84 79 77 0 
0 72 113 74 76 119 117 112 105 114 116 111 109 104 106 108 103 101 100 270 73 0 
0 36 29 98 35 30 32 233 239 237 232 225 234 236 231 229 224 226 228 97 37 0 
0 45 223 269 268 261 272 267 265 260 253 262 264 259 257 252 254 256 173 27 28 0 
0 44 49 176 174 172 177 179 196 194 192 199 193 220 221 40 38 41 43 48 46 0 
0 197 204 202 200 205 207 212 210 201 208 213 215 218 209 216 217 0 
0 0 
0 0 
0 0 
